421.20
428.16
447.32
419.05
428.74
439.57
419.65
398.33
412.19
420.09
413.68
405.02
435.16
414.07
414.37
446.61
410.41
401.87
420.05
405.91
Mean 420.0727854120736	 	Std Dev 13.941318284080504	 
Min: 398.33009080084264	 
Max: 447.3154463599361	 
333.57
328.96
350.88
340.97
323.30
341.33
362.30
353.78
343.57
317.50
335.20
348.46
341.99
324.21
318.50
329.85
361.85
338.59
327.50
355.10
Mean 338.87067394539645	 	Std Dev 13.612199494536652	 
Min: 317.5024411926647	 
Max: 362.2983897556677	 
352.33
422.41
381.39
400.51
397.24
367.79
401.88
365.94
402.68
369.56
351.79
386.75
386.91
372.18
393.28
394.94
378.80
405.13
399.89
385.15
Mean 385.82724964841054	 	Std Dev 18.437781116644103	 
Min: 351.7948108310245	 
Max: 422.4143149477773	 
39.87
39.87
39.87
42.24
39.87
42.24
42.24
39.87
39.87
39.87
39.87
39.87
39.87
42.24
39.87
39.87
39.87
42.24
39.87
39.87
Mean 40.46040184368676	 	Std Dev 1.0527496146930098	 
Min: 39.867986543503264	 
Max: 42.23764774423721	 
42.24
42.24
39.87
42.24
39.87
39.87
42.24
42.24
39.87
39.87
42.24
39.87
39.87
39.87
39.87
39.87
39.87
39.87
39.87
39.87
Mean 40.57888490372346	 	Std Dev 1.1141254693187106	 
Min: 39.867986543503264	 
Max: 42.23764774423721	 
39.87
39.87
39.87
39.87
39.87
39.87
39.87
39.87
39.87
39.87
39.87
39.87
39.87
39.87
39.87
39.87
39.87
39.87
39.87
39.87
Mean 39.867986543503285	 	Std Dev 2.187004395363674e-14	 
Min: 39.867986543503264	 
Max: 39.867986543503264	 
39.87
39.87
39.87
39.87
39.87
39.87
39.87
39.87
39.87
39.87
39.87
39.87
39.87
39.87
39.87
39.87
39.87
39.87
39.87
39.87
Mean 39.867986543503285	 	Std Dev 2.187004395363674e-14	 
Min: 39.867986543503264	 
Max: 39.867986543503264	 
79.77
79.77
79.77
79.77
79.77
79.77
79.77
79.77
79.77
79.77
79.77
79.77
79.77
79.77
79.77
79.77
79.77
79.77
79.77
79.77
Mean 79.76554265773873	 	Std Dev 2.3734568130004506e-14	 
Min: 79.76554265773875	 
Max: 79.76554265773876	 
79.77
79.77
79.77
79.77
79.77
79.77
79.77
79.77
79.77
79.77
79.77
79.77
79.77
79.77
79.77
79.77
79.77
79.77
79.77
79.77
Mean 79.77	 	Std Dev 0.00	 
Min: 79.76554265773875	 
Max: 79.76554265773876	 
1507.81
1303.18
1424.64
1318.51
1148.16
1344.24
1214.67
1540.65
1359.92
1169.36
1344.78
1227.10
1413.50
1455.25
1513.83
1397.94
1417.05
1473.39
1491.35
1295.45
Mean 1368.04	 	Std Dev 116.39	 
Min: 1148.1584672685578	 
Max: 1540.6450298229952	 
52.81
52.81
52.81
52.81
52.81
52.81
52.81
52.81
52.81
52.81
52.36
48.29
58.92
39.87
42.91
61.59
39.87
48.29
39.87
52.81
Mean 50.65	 	Std Dev 5.90	 
Min: 39.867986543503264	 
Max: 61.58665758968748	 
42.24
42.24
42.24
42.24
42.24
42.24
42.24
42.24
42.24
42.24
42.24
42.24
42.24
42.24
42.24
42.24
42.24
42.24
42.24
42.24
Mean 42.24	 	Std Dev 0.00	 
Min: 42.23764774423721	 
Max: 42.23764774423721	 
39.87
39.87
39.87
39.87
39.87
39.87
39.87
39.87
39.87
39.87
39.87
39.87
39.87
39.87
39.87
39.87
39.87
39.87
39.87
39.87
Mean 39.87	 	Std Dev 0.00	 
Min: 39.867986543503264	 
Max: 39.867986543503264	 
39.87
39.87
39.87
39.87
39.87
39.87
39.87
39.87
39.87
39.87
39.87
39.87
39.87
39.87
39.87
39.87
39.87
39.87
39.87
39.87
Mean 39.87	 	Std Dev 0.00	 
Min: 39.867986543503264	 
Max: 39.867986543503264	 
39.87
39.87
39.87
39.87
39.87
39.87
39.87
39.87
39.87
39.87
39.87
39.87
39.87
39.87
39.87
39.87
39.87
39.87
39.87
39.87
Mean 39.87	 	Std Dev 0.00	 
Min: 39.867986543503264	 
Max: 39.867986543503264	 
39.87
39.87
39.87
39.87
39.87
39.87
39.87
39.87
39.87
39.87
39.87
39.87
39.87
39.87
39.87
39.87
39.87
39.87
39.87
39.87
Mean 39.87	 	Std Dev 0.00	 
Min: 39.867986543503264	 
Max: 39.867986543503264	 
42.24
42.24
42.24
42.24
42.24
42.24
42.24
42.24
42.24
42.24
42.24
42.24
42.24
42.24
42.24
42.24
42.24
42.24
42.24
42.24
Mean 42.24	 	Std Dev 0.00	 
Min: 42.2376477442372	 
Max: 42.2376477442372	 
42.24
42.24
42.24
42.24
42.24
42.24
42.24
42.24
42.24
42.24
42.24
42.24
42.24
42.24
42.24
42.24
42.24
42.24
42.24
42.24
Mean 42.24	 	Std Dev 0.00	 
Min: 42.23764774423721	 
Max: 42.23764774423721	 
39.87
39.87
39.87
39.87
39.87
39.87
39.87
39.87
39.87
39.87
39.87
39.87
39.87
39.87
39.87
39.87
39.87
39.87
39.87
39.87
Mean 39.87	 	Std Dev 0.00	 
Min: 39.867986543503264	 
Max: 39.867986543503264	 
42.24
42.24
42.24
42.24
42.24
42.24
42.24
42.24
42.24
42.24
42.24
42.24
42.24
42.24
42.24
42.24
42.24
42.24
42.24
42.24
Mean 42.24	 	Std Dev 0.00	 
Min: 42.23764774423721	 
Max: 42.23764774423721	 
39.87
39.87
39.87
39.87
39.87
39.87
39.87
39.87
39.87
39.87
39.87
39.87
39.87
39.87
39.87
39.87
39.87
39.87
39.87
39.87
Mean 39.87	 	Std Dev 0.00	 
Min: 39.867986543503264	 
Max: 39.867986543503264	 
39.87
39.87
39.87
39.87
39.87
39.87
39.87
39.87
39.87
39.87
39.87
39.87
39.87
39.87
39.87
39.87
39.87
39.87
39.87
39.87
Mean 39.87	 	Std Dev 0.00	 
Min: 39.867986543503264	 
Max: 39.867986543503264	 
42.24
42.24
42.24
42.24
42.24
42.24
42.24
42.24
42.24
42.24
42.24
42.24
42.24
42.24
42.24
42.24
42.24
42.24
42.24
42.24
Mean 42.24	 	Std Dev 0.00	 
Min: 42.23764774423721	 
Max: 42.23764774423721	 
39.87
39.87
39.87
39.87
39.87
39.87
39.87
39.87
39.87
39.87
39.87
39.87
39.87
39.87
39.87
39.87
39.87
39.87
39.87
39.87
Mean 39.87	 	Std Dev 0.00	 
Min: 39.867986543503264	 
Max: 39.867986543503264	 
42.24
42.24
42.24
42.24
42.24
42.24
42.24
42.24
42.24
42.24
42.24
42.24
42.24
42.24
42.24
42.24
42.24
42.24
42.24
42.24
Mean 42.24	 	Std Dev 0.00	 
Min: 42.23764774423721	 
Max: 42.23764774423721	 
42.24
42.24
42.24
42.24
42.24
42.24
42.24
42.24
42.24
42.24
42.24
42.24
42.24
42.24
42.24
42.24
42.24
42.24
42.24
42.24
Mean 42.24	 	Std Dev 0.00	 
Min: 42.23764774423721	 
Max: 42.23764774423721	 
41.41
41.41
41.41
41.41
41.41
41.41
41.41
41.41
41.41
41.41
41.41
41.41
41.41
41.41
41.41
41.41
41.41
41.41
41.41
41.41
Mean 41.41	 	Std Dev 0.00	 
Min: 41.407293188719294	 
Max: 41.407293188719294	 
40.58
40.58
40.58
40.58
40.58
40.58
40.58
40.58
40.58
40.58
40.58
40.58
40.58
40.58
40.58
40.58
40.58
40.58
40.58
40.58
Mean 40.58	 	Std Dev 0.00	 
Min: 40.57953190318593	 
Max: 40.57953190318593	 
39.87
39.87
39.87
39.87
39.87
39.87
39.87
39.87
39.87
39.87
39.87
39.87
39.87
39.87
39.87
39.87
39.87
39.87
39.87
39.87
Mean 39.87	 	Std Dev 0.00	 
Min: 39.867986543503264	 
Max: 39.867986543503264	 
40.58
40.58
40.58
40.58
40.58
40.58
40.58
40.58
40.58
40.58
40.58
40.58
40.58
40.58
40.58
40.58
40.58
40.58
40.58
40.58
Mean 40.58	 	Std Dev 0.00	 
Min: 40.57953190318593	 
Max: 40.57953190318593	 
42.24
42.24
42.24
42.24
42.24
42.24
42.24
42.24
42.24
42.24
42.24
42.24
42.24
42.24
42.24
42.24
42.24
42.24
42.24
42.24
Mean 42.24	 	Std Dev 0.00	 
Min: 42.23764774423721	 
Max: 42.23764774423721	 
42.24
42.24
42.24
42.24
42.24
42.24
42.24
42.24
42.24
42.24
42.24
42.24
42.24
42.24
42.24
42.24
42.24
42.24
42.24
42.24
Mean 42.24	 	Std Dev 0.00	 
Min: 42.23764774423721	 
Max: 42.23764774423721	 
39.87
39.87
39.87
39.87
39.87
39.87
39.87
39.87
39.87
39.87
39.87
39.87
39.87
39.87
39.87
39.87
39.87
39.87
39.87
39.87
Mean 39.87	 	Std Dev 0.00	 
Min: 39.867986543503264	 
Max: 39.867986543503264	 
inf
inf
inf
inf
inf
inf
inf
inf
inf
inf
inf
inf
inf
inf
inf
inf
inf
inf
inf
527.78
Mean inf	 	Std Dev nan	 
Min: 527.7761541650359	 
Max: inf	 
inf
inf
inf
inf
inf
inf
inf
inf
inf
inf
inf
inf
inf
inf
inf
inf
inf
inf
inf
549.11
Mean inf	 	Std Dev nan	 
Min: 549.1097607495623	 
Max: inf	 
inf
inf
inf
inf
inf
inf
inf
inf
inf
inf
inf
inf
inf
inf
inf
inf
inf
inf
inf
565.83
Mean inf	 	Std Dev nan	 
Min: 565.8255891029502	 
Max: inf	 
515.97
423.04
422.49
418.18
418.18
407.99
407.99
407.99
407.99
407.99
407.99
407.99
407.99
407.99
407.99
407.99
407.99
407.99
407.99
407.99
Mean 415.89	 	Std Dev 24.12	 
Min: 407.99174120650304	 
Max: 515.967979096107	 
495.26
468.27
461.33
448.10
442.81
442.81
442.81
442.81
442.81
442.81
442.81
442.81
442.24
442.24
442.24
442.24
442.24
442.24
442.24
442.24
Mean 447.67	 	Std Dev 13.18	 
Min: 442.2436950345167	 
Max: 495.26494160800905	 
477.31
473.53
461.06
436.36
436.36
436.36
436.36
436.36
436.36
436.36
434.22
434.22
434.22
434.22
434.22
434.22
434.22
434.22
434.22
434.22
Mean 440.43	 	Std Dev 13.34	 
Min: 434.2182555213298	 
Max: 477.30935920485337	 
511.34
489.59
432.35
432.35
420.76
420.76
420.76
420.76
420.76
418.21
418.21
418.21
418.21
418.21
418.21
418.21
418.21
418.21
418.21
418.21
Mean 428.49	 	Std Dev 25.22	 
Min: 418.2123522455823	 
Max: 511.3353197476915	 
513.69
455.25
406.75
403.21
402.52
402.52
402.52
402.52
402.52
402.52
402.52
402.52
402.52
402.52
402.52
402.52
402.52
402.52
402.52
402.52
Mean 410.96	 	Std Dev 26.88	 
Min: 402.5151116794575	 
Max: 513.6868070814122	 
489.16
489.16
461.68
443.37
443.37
443.37
439.24
425.60
425.60
425.60
425.60
425.60
425.60
425.60
425.60
425.60
425.60
425.60
425.60
425.60
Mean 437.11	 	Std Dev 20.35	 
Min: 425.5982750236356	 
Max: 489.15805742778804	 
479.64
429.18
424.87
412.99
412.99
412.99
412.99
412.99
412.99
412.99
412.99
412.99
412.99
412.99
412.99
412.99
412.99
412.99
412.99
412.99
Mean 417.72	 	Std Dev 15.21	 
Min: 412.9870201095432	 
Max: 479.6402327974276	 
458.15
458.15
453.10
415.44
415.44
415.44
415.44
415.44
415.44
415.44
415.44
415.44
415.44
415.44
415.44
415.44
415.44
415.44
415.44
414.04
Mean 421.52	 	Std Dev 15.09	 
Min: 414.0422792198166	 
Max: 458.14795265314206	 
454.76
454.76
433.52
390.85
390.85
390.15
390.15
390.15
390.15
390.15
390.15
390.15
390.15
390.15
390.15
390.15
390.15
390.15
390.15
390.15
Mean 398.85	 	Std Dev 21.42	 
Min: 390.15193383027145	 
Max: 454.7562934939368	 
487.13
439.77
439.77
439.77
439.77
439.77
430.74
430.74
428.43
428.43
428.43
428.43
428.43
428.43
428.43
428.43
428.43
428.43
428.43
428.43
Mean 434.43	 	Std Dev 13.33	 
Min: 428.43233733684787	 
Max: 487.12701236286665	 
836.67
836.67
715.86
712.21
668.96
668.96
668.96
668.96
668.96
668.96
668.96
668.96
668.96
668.96
668.96
668.96
668.96
668.96
668.96
668.96
Mean 690.23	 	Std Dev 51.95	 
Min: 668.9554574207532	 
Max: 836.66948190376	 
651.14
651.14
651.14
651.14
651.14
651.14
651.14
651.14
651.14
651.14
651.14
651.14
651.14
651.14
651.14
651.14
651.14
651.14
651.14
651.14
Mean 651.14	 	Std Dev 0.00	 
Min: 651.1386779567989	 
Max: 651.1386779567989	 
780.81
751.16
652.86
615.97
602.20
602.20
602.20
602.20
602.20
602.20
602.20
602.20
602.20
602.20
602.20
602.20
602.20
602.20
602.20
602.20
Mean 621.80	 	Std Dev 50.87	 
Min: 602.1987380452985	 
Max: 780.8141774946042	 
